310.5606767966218
310.2194928586716
310.5606767966218
310.04276706426515
310.04276706426515
310.29012019120955
310.04276706426515
310.5606767966218
310.5606767966218
310.29012019120955
310.5606767966218
310.6909450619107
310.29012019120955
310.2194928586716
310.6909450619107
310.6909450619107
310.6909450619107
310.6909450619107
317.2487348048535
318.5587962081803
318.5587962081803
318.5587962081803
318.5587962081803
318.5587962081803
318.5587962081803
318.5587962081803
318.5587962081803
318.16702611468935
318.5587962081803
318.5464108362647
318.5587962081803
318.5464108362647
318.5587962081803
318.5587962081803
317.5326868741103
318.5587962081803
326.69734472263826
325.1159827472892
326.3889925897064
325.2970895145408
326.3433134834425
325.3473068460769
324.882305762933
325.65106035671056
324.79857631102254
326.2460705459614
324.9678609361674
324.68409882727536
325.2159952513393
324.7621649025165
324.6693759015062
324.882305762933
326.59600715210905
325.5115100001745

135.53726783715237
135.53726783715237
134.7410231083016
135.53726783715237
135.53726783715237
135.07121203879768
135.53726783715237
135.53726783715237
135.53726783715237
135.53726783715237
135.53726783715237
140.95207469021437
139.79665407243647
140.55986633020692
140.12895773550608
140.95207469021437
139.9075199474192
141.2372200479906
140.95207469021437
141.595144105288
140.95207469021437
140.55986633020692
145.65795957338906
145.22379842647484
146.77072686440022
145.54655192239812
147.49182575506504
144.68951984923498
147.25593300931988
140.4842047110531
145.54655192239812
147.25593300931988
145.54655192239812

479.46073382823135
479.46073382823135
477.5177322182028
478.01231435207103
477.55544926330674
479.24780679025
478.8938834959648
478.296219289803
479.46073382823135
479.46073382823135
478.01231435207103
479.46073382823135
479.24780679025
479.46073382823135
479.46073382823135
479.46073382823135
479.46073382823135
479.24780679025
479.46073382823135
479.46073382823135
486.04028657263996
486.04028657263996
488.34845710326033
487.7743031726113
486.04028657263996
486.04028657263996
486.04028657263996
486.04028657263996
488.34845710326033
487.7743031726113
486.04028657263996
486.04028657263996
487.5703022229434
486.04028657263996
487.7743031726113
486.04028657263996
486.04028657263996
486.04028657263996
486.04028657263996
486.04028657263996
498.14753682180253
497.8929410388155
498.99105722122346
497.35571526051723
496.8016525655058
498.958319286441
499.50959583793775
498.14753682180253
497.30454926561794
496.67662841468075
499.3740856565777
498.958319286441
497.9978207712273
496.9742137441045
495.3974778259409
499.23424848939396
500.6091102712421
498.14753682180253
500.6091102712421
496.0372652084162

383.087645987894
383.087645987894
383.087645987894
383.087645987894
383.087645987894
383.087645987894
383.087645987894
383.087645987894
383.087645987894
383.087645987894
383.087645987894
383.3217337735021
383.087645987894
383.087645987894
393.22122871011373
393.22122871011373
393.22122871011373
393.22122871011373
393.2212287101138
393.2212287101138
393.22122871011373
393.2212287101138
393.2212287101138
393.22122871011373
393.22122871011373
393.22122871011373
393.2212287101138
393.2212287101138
393.2212287101138
403.3548114323336
403.6278511584083
403.1207236467254
403.1207236467255
403.8619389440164
403.1207236467255
403.9760464491141
403.37428740256695
403.1207236467254
404.2101342347222
403.6278511584083
403.1207236467254
403.608375188175

484.7015937535973
484.7015937535973
484.7015937535973
484.7015937535973
483.89896140598233
484.7015937535973
484.08565312651234
484.08565312651234
484.7015937535973
484.7015937535973
484.7015937535973
484.7015937535973
484.7015937535973
484.7015937535973
484.7015937535973
484.7015937535973
484.08565312651234
484.08565312651234
484.7015937535973
484.4065075474002
483.66491391239686
484.7015937535973
484.08565312651234
484.7015937535973
484.7015937535973
484.7015937535973
488.18119543815067
488.18119543815067
488.3485855039056
488.61791395037017
487.2553668780826
488.3485855039056
488.61791395037017
487.92784628979007
488.9645261309906
486.87290554871987
487.2553668780826
488.18119543815067
487.58123410916966
488.18119543815067
487.92784628979007
488.18119543815067
488.3485855039056
488.3485855039056
487.5812341091696
488.3485855039056
488.9645261309906
487.92784628979007
487.92784628979007
488.3485855039056
486.87290554871987
487.2553668780826
491.9159937291422
491.7355412790918
491.84836923107974
491.65231523393567
490.4702042612479
490.9254416493394
491.7355412790918
491.7355412790918
491.7355412790918
491.4573951158753
490.63620684988217
491.7355412790918
491.4573951158753
491.8483692310798
491.7355412790918
490.89981297656584
491.32988232798374
491.32988232798374
491.24888364336283
490.9254416493395
491.7355412790918
491.32988232798374
491.7355412790918
491.07436340454296
491.91599372914226
491.0895955639187

1527.8914977947538
1527.4171376230568
1526.4977615801763
1527.8914977947538
1526.8252114843767
1526.9425087913605
1526.9425087913605
1526.8116303173892
1526.4977615801763
1527.1462677763234
1527.8914977947538
1527.1462677763234
1526.2646982076585
1527.8914977947538
1527.1634187651816
1526.8116303173892
1526.8252114843767
1526.6876583081769
1527.1462677763234
1527.1462677763234
1543.6535308593234
1544.9256556892215
1543.985105046881
1544.2586271250727
1544.4443947708642
1544.1975645133068
1544.6245997538322
1544.6511430019227
1543.9753992509777
1544.1975645133068
1544.6511430019227
1544.3183543394584
1543.985105046881
1544.9256556892215
1544.4443947708642
1544.963705286028
1545.0161056039467
1544.2586271250727
1544.6511430019227
1544.9256556892215
1561.142531557682
1561.0385044744096
1562.0283523450535
1561.5347365511566
1562.11257200011
1561.3602884164084
1561.142531557682
1562.11257200011
1562.0283523450535
1561.3602884164084
1561.142531557682
1562.0898790676144
1561.7436104593453
1562.11257200011
1561.7605374034886
1562.11257200011
1561.0496005603597
1561.5430410781216
1561.3602884164084
1562.11257200011

2894.0135317396785
2894.0135317396785
2896.3294458155
2891.6222118101996
2890.1541215337284
2894.0135317396785
2896.3294458155
2894.0135317396785
2896.929822631292
2887.480325928719
2894.0135317396785
2887.480325928719
2896.929822631292
2901.6048232487674
2896.0176312298927
2894.0135317396785
2894.0135317396785
2894.0135317396785
2901.6048232487674
2896.3294458155
2913.348799820279
2911.15741368567
2911.15741368567
2911.15741368567
2911.15741368567
2911.15741368567
2911.15741368567
2911.15741368567
2911.15741368567
2910.473118516281
2911.15741368567
2911.15741368567
2911.15741368567
2911.15741368567
2911.15741368567
2914.845604149508
2911.15741368567
2911.15741368567
2911.15741368567
2911.15741368567
2928.1119183322617
2921.2402305132337
2921.2402305132337
2935.723909818429
2926.0986343795485
2935.723909818429
2921.2402305132337
2921.2402305132337
2935.723909818429
2932.1004029071555
2921.2402305132337
2921.2402305132337
2924.528862767884
2924.528862767884
2921.2402305132337
2921.2402305132337
2921.2402305132337
2921.2402305132337
2924.528862767884
2921.2402305132337

Time taken = 3631 ms