309.12361171169414
309.0711325761139
309.1886091177878
308.813811887581
309.4172570573725
308.928792294325
309.4172570573725
309.61339708117913
309.13726213216694
309.31460140352596
310.1248682083879
309.0711325761139
309.0711325761139
309.819898635307
309.34511612297706
309.28768305855544
308.928792294325
309.3456068625282
316.2606785038937
315.8671215096349
316.4553390976587
315.24587318200014
315.2720424187528
316.6598331841079
316.5349883893881
315.3957936152318
315.2780443802692
315.49086798325504
316.5995737809081
316.5995737809081
316.51981926290523
315.2759815829136
315.4172581802544
316.46103439628115
315.8671215096349
315.4035895299977
325.0342632614959
324.97422547263716
325.1489902236551
323.77551270563106
318.1971641721971
324.4894944331232
323.4845399643268
323.5277213112218
324.6124403519375
318.5604625552652
325.06360212215634
322.6670616295743
324.5531903344579
323.1365633077131
324.32961812986883
323.537558259891
325.7046243537597
322.52822221442733

134.3232426604497
134.4542597131633
134.16871849547155
134.92144720749906
133.9819322753417
134.7034971279322
133.9819322753417
134.11435885239672
134.15532651555446
134.7362151955377
134.3232426604497
139.06528915653234
139.22062036617615
138.70723504852853
138.59858858651305
138.92237167229035
139.0384427324321
140.1579205083259
138.92237167229035
140.4864161873275
140.29147868718928
140.44139392952064
144.7000294081114
145.18852566385306
145.17903492201316
142.89615814437573
141.72550682845088
142.98896952185322
141.87616640013871
144.3649666179129
144.16172340642208
141.88381349784146
144.15940568244133

477.2836775088898
476.8569572951934
477.48412332413545
477.1620598827334
476.28881920430365
476.4819748257349
476.58946095362523
478.0029137392499
476.7495949239925
477.18991115254346
476.7935844633656
477.2142576642452
476.92473020660964
476.6105023157408
477.2940487586909
476.7321817299966
476.79591595069724
477.9967217557454
476.90816914462926
476.5786948744626
484.849456663255
486.39603616537056
477.8514631201452
478.1371963380328
487.61647526313436
478.31998963998575
485.8415714841467
479.5875244259994
478.293183821484
478.31921367152756
478.91827086807336
485.7645160522354
487.48790506548403
487.1685998927445
478.8184464271973
479.69377937034506
477.6898390625487
480.2656412340002
486.7329476999294
485.82454461597655
488.36965422138667
491.06263143776414
488.3673320442697
489.86026569145395
490.1544416006129
495.73878339612577
487.1453729637111
496.5640194454687
498.57319768866245
495.54121626653057
499.22872147088253
488.26322483475064
497.10741866290755
498.4475040864145
495.133708637743
494.82867432090706
488.9997750717988
494.56423536018
488.3522321463388
489.09509619423375

383.087645987894
383.087645987894
383.087645987894
383.087645987894
383.087645987894
383.087645987894
383.087645987894
383.087645987894
383.087645987894
383.087645987894
383.087645987894
383.3217337735021
383.087645987894
383.087645987894
393.22122871011373
393.22122871011373
393.22122871011373
393.22122871011373
393.2212287101138
393.2212287101138
393.22122871011373
393.2212287101138
393.2212287101138
393.22122871011373
393.22122871011373
393.22122871011373
393.2212287101138
393.2212287101138
393.2212287101138
403.3548114323336
403.37428740256684
393.4553164957219
403.1207236467255
403.8619389440164
403.1207236467255
403.9760464491141
403.37428740256695
393.4553164957219
404.2101342347222
403.6278511584083
403.1207236467254
403.608375188175

482.86407237000054
482.86407237000054
482.98177325654956
482.14651756211686
483.46512775119925
483.46512775119925
483.75978589542524
482.9749571957947
482.73784790896775
483.46512775119936
482.8640723700006
482.27396934207536
482.8640723700005
482.8640723700005
482.9817732565495
482.8640723700005
482.75650646248494
482.53805572917514
482.14651756211686
482.2841104610248
483.3390466813098
482.01821723069827
483.75978589542524
483.23752536792665
483.46512775119925
482.8640723700005
484.6602584118853
484.1120288462226
484.9988614375699
484.2656411874872
484.91601052326234
484.2198186267216
484.1120288462226
484.1373408560687
485.17380341059436
485.3354713833488
484.6359410451374
484.95758097489147
484.36159107970303
484.4045063005082
485.1170206500391
484.24596606353975
484.7096483420187
484.7096483420188
485.4326323204738
484.36159107970303
484.2656411874872
484.36159107970303
484.54463339572203
484.36159107970303
484.58708019180483
484.36159107970303
487.84714974620783
485.6195442496502
487.49978651510696
485.12940079568943
488.1611879096625
487.14734638347096
485.5109190421791
485.39529402601585
487.23101540345533
486.6895753203837
486.2203203508959
486.0193102241193
487.9847426451158
486.81787565180224
486.32753132296955
487.7164041488794
486.0193102241193
486.647046576988
486.7988157236945
486.0193102241193
487.3850446266712
486.92711605511295
486.52981980377535
487.3530861299867
486.90918330121764
486.52362992587865

1525.55722148704
1525.7654780274977
1526.552346866144
1526.1002586227796
1526.524540293763
1526.3822811962896
1526.232967662384
1525.9903411038313
1526.6332537791604
1526.1641333538355
1526.524540293763
1525.3633103436537
1526.2405054426847
1526.1206904495534
1525.9483666906624
1525.9455411103108
1526.524540293763
1526.2982974876327
1526.0669927948434
1526.1641333538355
1542.677522389896
1542.973938113715
1542.9375613251398
1542.977384646084
1543.035125037564
1543.229801832521
1542.929142595352
1542.895770917301
1543.2293970229452
1543.2094819314966
1542.938913289908
1542.9892554541436
1542.8490929650766
1542.8605995744338
1543.0232187629395
1542.9188563662187
1542.930466263255
1542.8242972486512
1542.8422072466353
1543.0227241875264
1543.6888103454069
1560.4779334470595
1543.125334967905
1560.1698147875204
1543.8640691261198
1542.7190210587864
1560.3150940739565
1544.6252996824933
1560.3071224148005
1560.354897074674
1560.0664674162235
1560.4369628732304
1546.1796832809473
1560.0256103881852
1559.9257964563822
1543.8589885717033
1560.627490090992
1560.0045232675402
1560.4867487842419
1561.2993397115908

2876.2662515103975
2876.847871699721
2877.8187059954807
2876.3081651684065
2876.755768703205
2875.640092845777
2876.0486953150053
2876.9302314559272
2875.9117473421984
2875.976635805833
2876.4954909242306
2876.044012239576
2876.1983498599748
2875.9095252660904
2875.8661746610196
2875.9005672145286
2876.8582702184303
2875.887253515555
2875.6628219110726
2875.65273060243
2884.522628238754
2883.5931812472977
2882.7147034371774
2881.4256458989967
2884.224826476968
2882.631398655051
2883.8437556804506
2886.039051286879
2886.3376719413354
2883.6310125374803
2882.7834089618027
2887.233141047943
2884.948208805765
2883.646264903094
2882.8569306011973
2884.6151220082384
2882.614225984098
2883.088041251308
2882.97731526111
2883.881937405204
2894.4183619056535
2894.3429139984128
2894.322642630079
2893.988443322748
2895.454651287539
2894.5270501219675
2893.5314558719815
2894.4241373068267
2898.9367700638254
2895.6065394591396
2895.2379374779016
2895.634933887994
2894.70961115916
2894.151538988671
2899.372392924917
2893.312961366882
2893.9380821574114
2898.150587397296
2888.572058285544
2894.2475565959976

Time taken = 7236 ms