309.1399150713823
309.0711325761139
309.29399294575745
308.813811887581
309.4172570573725
308.928792294325
309.4172570573725
309.6297004408673
309.13726213216694
309.85086673046567
310.2482405729511
309.0711325761139
309.0711325761139
309.8351137129974
309.6552050237128
309.3876520204342
308.928792294325
309.3456068625282
316.2606785038937
316.15648409841305
316.4553390976587
315.26681778736963
315.2799496174987
316.6598331841079
316.5349883893881
315.8681851884826
316.44647116149775
315.5315354680115
316.6818026610171
316.6818026610171
316.51981926290523
315.93416088493797
316.044202875786
316.47842865078644
316.15648409841305
315.4035895299977
325.05765871350565
324.97422547263716
325.15242173272475
323.91082494610947
324.4086942170119
324.4894944331232
323.60067925587794
324.2059488159189
324.78563186492175
325.0381080996294
325.10806376657297
323.2953885289295
324.6395993840566
323.7406365175026
324.32961812986883
323.537558259891
327.02951629827277
323.2745233537694

134.3232426604497
134.4542597131633
134.16871849547155
134.92144720749906
133.9819322753417
134.7362151955377
133.9819322753417
134.48023929382066
134.19451419993484
134.7362151955377
134.3232426604497
140.27535355564487
139.30630917481204
139.123064885151
138.6684895386357
139.17240138529112
139.0384427324321
139.10514106548902
139.17240138529112
140.4864161873275
140.29147868718928
140.44139392952064
145.06619771661624
145.18852566385306
145.17903492201316
145.16582796353848
144.53938621712223
144.43067268075347
145.1794131344291
144.3649666179129
145.19351173082657
145.29924299360786
145.16582796353848

477.511278014813
477.2054672575956
477.68237787702395
477.511278014813
476.28881920430365
476.51184419780463
476.9360204144393
478.47666780872635
477.2054672575956
477.511278014813
477.511278014813
477.7426159558224
477.25398101869064
476.9360204144393
477.56030744638963
476.8944062531063
477.3125973215425
478.0561792076244
476.9360204144393
477.02340757009847
487.18578487396786
486.44008386007727
487.2387604818555
486.9091398098308
487.6253294526122
487.1410313848759
486.7102016767224
487.1743680835998
487.2387604818555
486.72223855186996
486.2872052398958
487.1857848739679
487.62965597743107
487.1685998927445
486.155183595381
486.71177735661877
486.0864361596277
488.09271842881003
487.0766430890449
486.29930065448536
495.6957874657368
496.984210027764
498.85852980128186
496.3143107017235
497.4623408109146
495.99539861789935
494.6482938775516
496.92153723580327
498.6037357626829
495.6977914725571
499.29093578397743
495.0861963493385
497.1318919990756
498.4475040864145
495.133708637743
496.0300167714193
488.9997750717988
496.02594416038676
498.5621894544278
497.3422792537087

383.087645987894
383.087645987894
383.087645987894
383.087645987894
383.087645987894
383.087645987894
383.087645987894
383.087645987894
383.087645987894
383.087645987894
383.087645987894
383.3217337735021
383.087645987894
383.087645987894
393.22122871011373
393.22122871011373
393.22122871011373
393.22122871011373
393.2212287101138
393.2212287101138
393.22122871011373
393.2212287101138
393.2212287101138
393.22122871011373
393.22122871011373
393.22122871011373
393.2212287101138
393.2212287101138
393.2212287101138
403.3548114323336
403.37428740256684
403.1207236467254
403.1207236467255
403.8619389440164
403.1207236467255
403.9760464491141
403.37428740256695
403.1207236467254
404.2101342347222
403.6278511584083
403.1207236467254
403.608375188175

483.08252310331034
483.08252310331034
483.46512775119925
482.8640723700005
483.46512775119925
483.46512775119925
483.75978589542524
482.9749571957947
483.46512775119925
483.46512775119936
482.8640723700006
482.27396934207536
482.8640723700005
482.8640723700005
483.46512775119925
482.8640723700005
482.9749571957947
482.53805572917514
482.8640723700005
482.53986257240194
483.3390466813098
482.01821723069827
483.75978589542524
483.46512775119925
483.46512775119925
482.8640723700005
484.6602584118853
484.1120288462226
484.9988614375699
484.2656411874872
484.91601052326234
485.62308729279073
484.1120288462226
485.2023480786752
485.17380341059436
485.3354713833488
484.6359410451374
484.95758097489147
484.36159107970303
484.4045063005082
485.1170206500391
484.24596606353975
484.7096483420187
484.7096483420188
485.4326323204738
484.36159107970303
484.48989141112156
484.36159107970303
484.6602584118853
484.36159107970303
484.58708019180483
484.36159107970303
488.5192643606291
486.1090805896598
487.49978651510696
485.12940079568943
488.1611879096625
488.06687883354664
485.9909213771906
485.39529402601585
487.23101540345533
487.01544255147076
486.781899760347
487.107766991434
488.7377150939389
487.8429605567885
487.0868735627696
488.999029945643
486.69772801025925
487.0427410712763
486.7988157236945
486.70225063563885
487.3850446266712
487.2529832862
486.9492806638617
488.62949533286803
487.4992863291428
486.52362992587865

1526.5639391950185
1525.8454994718518
1526.5658098423958
1526.1002586227796
1526.524540293763
1526.3822811962896
1526.250168333837
1525.9907978438619
1526.6339416272979
1526.171649065585
1526.524540293763
1526.0330802142087
1526.2405054426847
1526.1206904495534
1526.0849383901632
1526.086294117781
1526.524540293763
1526.5823033059573
1526.0669927948434
1526.171649065585
1542.9288505492755
1542.9829642220805
1543.1841982452618
1543.6445133012357
1544.1347578163372
1543.2526435365946
1543.9128058368688
1543.0965355370931
1543.2293970229452
1544.1302380211105
1543.1865822639375
1543.4247461217856
1542.9984257867256
1542.8888877250542
1544.0318302285175
1543.5844396354964
1543.40629892799
1543.4276468693315
1543.017127347296
1543.1681440548493
1543.8253607206761
1560.4841654006912
1560.955654790789
1560.1698147875204
1561.2178580179987
1543.6658024925496
1560.320247094546
1544.6718651971487
1560.6392140430464
1560.354897074674
1560.796890225776
1560.4736751740052
1561.3036824126252
1561.264583476732
1560.7050155541278
1543.8589885717033
1560.64061478438
1560.452307010406
1560.5569864763306
1561.2993397115908

2876.3388422856083
2877.6063924946147
2884.644920209641
2876.402367969844
2883.0318722733705
2875.864018774292
2879.2177898524824
2876.956755876188
2876.3492654346137
2876.2846434779776
2878.3579251537867
2879.0509762192723
2878.5163453193754
2879.0946896669843
2876.6807889976953
2877.127774248994
2880.2463004043534
2875.959844290766
2875.7903742831313
2875.9577874408105
2885.209469293716
2884.0011591615316
2888.366894876567
2888.485526395696
2885.544266061349
2883.425070539558
2883.9579945963383
2886.217323749014
2886.4114622586667
2884.138979433228
2888.966124505838
2887.4483482587293
2885.387998143869
2889.708830510324
2886.989600760815
2885.1589473113545
2888.636653126847
2886.8188382867265
2887.7531697478926
2884.014304285076
2895.655201916459
2896.714154401837
2898.834055040673
2902.3994406381935
2899.8495493874198
2898.839250588883
2898.871794997194
2895.2709217874726
2899.5565466588764
2902.799339186705
2895.616431442844
2896.742972814371
2894.7500597577164
2898.7627927693334
2899.8379139208023
2897.1139711113105
2894.8931743330418
2899.266054711833
2893.61672050809
2894.6883385256583

Time taken = 7545 ms